171.2
64.0
12.8
13.4
13.4
22.4
9.8
12.2
24.0
3.2
33.6
5.6
0.16
33.6
46.4
15.2
4.2
32.0
1.6
84.8
11.2
19.68
21.92
13.6
25.76
0.8
3.36
67.68
23.2
12.8
32.0
1.12
1.6
4.8
20.8
4.6
13.6
5.6
26.24
102.4
5.6
0.32
15.2
8.5
8
5
2.08
3.52
1.92
32.0
12.6
1.6
6.2
12
24.64
59.2
8
140.8
0.48
10.4
14.4
16.8
5.6
11.2
3.2
24.0
3.04
16.0
34.4
11.2
11.2
23.36
2.24
28.8
8.2
1.6
30.08
27.84
2.08
3.52
3.2
2.4
3.2
4
1.6
44.48
3.2
16.0
2.4
13.3
2.88
14.4
53.6
4.2
76.0
15.2
16.0
18.24
36.0
26.4
5.6
36.48
5.6
16.0
16.16
10.4
6.4
27.2
10.6
17.6
0.16
13.6
19.04
21.6
9
19.04
18.4
6.1
9.6
6.2
8
3.52
4.8
0.32
4.8
9.1
6.4
4.2
3.36
12.6
4
0.8
11
32.0
19.04
0.8
7
1.44
8
5.6
3.04
16.8
3.2
4.2
14.7
32.0
24.64
14.4
7
18.4
267.2
7.2
16.0
5.6
34.56
15.2
40.8
0.48
42.4
5.9
3.2
5
12
28.8
16.0
0.64
0.64
3.7
12.8
53.6
20.0
1.6
20.0
1.76
24.8
0.32
8
12.6
27.04
0.8
7.2
128.0
8.2
4
26.72
32.0
4
28.0
40.8
8.8
2.4
7.2
16.0
12
3.52
4
72.8
7.2
4
117.12
28.64
3.68
52.16
72.32
128.8
7.5
2.4
22.72
8
127.04
9.9
16.8
0.64
150.4
115.2
2.1
4
21.6
28.8
16.96
0.64
4
276.8
3.2
55.2
14.4
10.6
4.8
15.2
6.1
16.96
14.4
1.44
0.32
30.4
2.4
32.32
7.8
5.6
3.2
96.0
16.0
24.0
29.6
176.0
0.8
213.76
4
16.0
20.0
60.0
9.8
32.0
40.8
2.88
33.6
4
81.6
12.8
19.68
1.6
17.6
13.6
54.4
24.8
6.6
51.2
28.0
14.7
70.56
9.6
0.8
4.2
43.2
3.2
16.0
15.2
37.6
6.4
9.3
4.6
0.3
8.8
4.3
25.6
11.2
58.56
3.2
19.2
1.44
6.4
59.2
5.6
3.2
8.8
28.0
15.2
0.16
0.32
31.52
8
38.4
8.6
31.2
12.8
6.4
4.8
4
9.6
75.2
3.52
81.6
0.8
32.0
6.4
3.2
4.2
10.2
109.6
12.8
26.88
1.6
8.6
22.4
8.8
40.8
7.2
123.2
8
31.68
5.6
18.88
15.2
11.2
29.6
10.4
62.4
0.32
7.2
14.9
62.4
260.8
21.92
8
21.76
1.76
5.6
36.8
10.2
5.6
6.4
12.8
12.6
13.9
42.4
16.0
1.44
28.0
7
14.9
0.8
4.8
1.6
21.12
20.8
0.32
3.2
4
8.8
4
26.56
4
7.7
25.6
5.6
8.6
25.6
16.0
12.8
1.6
6.4
11.2
9
15.2
4.8
9.6
12.8
5.6
9
6.4
7.2
9.6
100.96
14.4
56.0
16.0
0.64
6.4
4.8
2.4
5.6
41.6
18.4
101.6
21.92
16.0
2.08
16.0
48.64
16.8
1.6
29.28
0.64
9.8
16.0
16.0
1.6
0.32
12.8
24.8
0.64
9.6
86.4
4.8
31.2
3.2
60.0
33.6
288.0
84.8
19.68
0.32
4
2.4
0.8
32.0
5.6
0.8
41.28
3.2
37.6
2.72
13.8
2.56
6.9
2.4
0.3
90.4
0.64
1.76
25.76
4.2
1.6
5
11.2
179.2
0.32
91.04
32.8
2.88
15.2
16.96
6.1
5.6
28.0
0.32
8
9.9
2.4
3.2
0.64
76.0
11.2
2.24
6.4
9.6
14.9
3.2
7.8
4.8
27.2
48.64
68.0
6.4
5.6
20.48
24.64
12.8
39.2
240.0
1.6
124.8
0.32
4.8
25.6
76.8
13
38.4
8.8
13.6
1.44
9.6
16.0
24.8
24.32
17.6
2.4
23.36
30.4
11.7
5.6
16.0
4
19.2
4.8
3.52
24.96
24.0
92.8
25.6
4.5
37.12
112.0
7.8
64.0
0.32
131.2
6.7
10.6
8.3
18.4
8
26.88
11
10.4
21.6
4
0.96
10.4
4
28.16
16.8
1.6
6.4
16.0
4.8
0.32
9.6
5.1
26.08
27.04
15.2
1.6
1.44
71.2
2.4
23.52
28.8
10.4
1.44
9.4
0.96
16.0
5.6
3.84
64.0
0.32
0.48
0.96
5
112.0
0.32
16.0
10.4
5
31.52
29.6
0.32
13.6
3.2
2.4
44.8
5
0.32
0.8
2.56
0.32
13.6
2.9
18.4
2.4
17.6
1.6
0.8
1.6
3.2
16.0
4.8
35.2
78.08
1.6
19.2
25.76
75.52
319.52
21.44
8.8
32.0
13.6
8.8
0.8
19.68
50.72
4.8
33.92
21.44
3.2
14.4
18.88
4.8
98.4
12.8
71.2
23.2
9.6
0.8
3.52
7.2
3.84
2.4
4.8
14.4
3.2
76.8
68.0
16.0
19.2
51.2
41.6
32.48
5.6
4
2.4
33.6
23.2
1.92
7.2
4
5.6
4
1.28
11
21.92
0.32
13.6
13.4
8
21.6
14.4
1.6
5.6
1.6
6.4
91.68
2.08
24.64
29.28
4
8.8
6.4
4.2
7.7
20.8
0.8
4
42.4
24.64
18.4
3.2
12.8
20.32
2.4
0.8
54.72
5.6
48.0
53.12
144.0
0.8
10.4
27.52
52.0
4.8
131.2
14.2
9.6
5.4
20.48
8
0.8
32.0
17.6
7
116.8
88.8
16.0
16.0
111.2
0.8
129.28
3.2
45.6
1.6
45.6
32.0
1.44
43.52
43.36
3.2
23.2
17.76
16.0
121.6
4.5
12.8
6.4
3.2
3.2
9.6
0.32
28.0
63.2
16.16
5.6
225.76
72.0
38.4
41.6
1.28
14.4
22.4
12.6
5.6
8.8
41.6
34.56
3.04
6.4
23.68
9.6
227.2
7.2
23.52
8.6
18.4
12.6
4.8
10.6
4.5
2.4
32.0
41.6
11.4
44.8
5.9
11
12.6
7
10.1
4.8
21.12
15.5
31.68
31.2
4.3
24.0
33.92
4.8
8
4.8
28.16
6.4
9.6
19.2
12.8
21.92
41.6
20.48
28.0
20.48
0.8
7.8
24.0
54.4
16.8
27.2
11.2
82.4
7.2
1.76
3.2
1.6
4.2
1.6
11.2
3.2
66.24
24.0
39.2
14.4
27.2
64.0
208.0
11.2
2.4
3.2
7.2
0.32
34.4
12.8
17.6
0.48
16.16
16.0
24.48
21.12
52.96
1.6
73.6
14.4
5.6
8
20.8
1.92
10.6
2.08
9.6
12.8
0.64
5.6
6.7
9.3
7.2
8
0.64
62.4
12
288.0
38.56
6.4
24.0
20.0
4.3
26.4
143.2
32.0
121.6
3.84
21.12
14.4
0.32
2.4
5.6
12.8
1.76
0.32
52.0
1.12
29.12
3.2
17.92
6.1
32.0
16.0
236.48
7.8
0.32
3.2
0.32
15.5
4.2
125.6
78.88
5.3
9.1
4
80.8
4.8
34.56
0.8
161.6
6.4
7.2
17.6
0.96
160.0
9.9
56.8
15.2
1.44
16.8
0.8
1.6
17.6
0.8
12
12.8
28.0
32.8
24.0
8.5
4.2
8.8
4
10.4
7.2
3.52
1.6
92.8
174.88
16.16
33.6
0.8
16.0
100.8
5
39.2
0.32
13.6
20.8
27.2
0.64
10.4
2.9
0.32
4.6
20.48
19.2
129.6
22.4
35.2
7.4
0.8
6.1
1.6
8
1.76
0.48
1.6
4
51.2
9.3
8.5
2.88
8
2.4
0.8
35.2
2.24
303.36
16.0
21.6
0.8
26.56
20.64
54.4
4
4
2.08
1.28
123.2
0.64
0.96
19.2
12.2
5
20.8
7.2
44.64
10.4
26.4
7.8
35.2
6.9
47.2
65.6
0.8
19.2
1.6
77.44
14.9
58.4
1.6
14.1
12
20.96
11.2
0.8
10.6
4
23.68
3.2
11.4
11.2
6.4
2.88
26.4
21.12
25.12
5.6
125.6
6.4
29.6
19.2
16.8
11.2
13.1
12.8
0.8
17.6
0.96
10.4
20.0
28.16
30.4
29.92
4.8
15.2
16.0
1.6
11.2
2.08
34.4
44.0
32.0
25.44
5
48.0
13.8
5.6
18.4
32.0
13.6
15.5
9.6
23.2
4.8
23.84
3.2
3.04
5
7.8
15.2
5.6
16.96
14.9
0.64
16.0
17.6
9.6
44.8
9.1
4
0.32
16.16
2.72
49.44
5.6
2.88
5
2.88
4
26.08
5
9.6
29.6
1.6
14.4
6.4
33.6
0.16
1.6
40.8
8.8
48.0
14.4
240.8
6.4
0.32
13.6
0.8
217.6
7.2
3.84
17.6
3.2
64.0
0.8
2.24
4.2
1.6
41.6
50.08
1.6
160.0
1.6
7.8
9.9
12
9.9
5.6
7.7
6.4
207.2
12
33.6
4.8
75.84
12
8
15.2
35.2
4
20.8
16.0
5.8
27.2
5
268.8
13.6
7.8
0.8
1.44
12.6
28.8
10.6
13.6
4
0.32
9.6
1.28
9.1
12.8
49.12
19.2
1.44
4
32.0
12.8
48.48
3.52
19.04
3.52
8.6
6.7
11.7
3.52
31.2
6.4
1.44
2.4
35.2
20.0
4
3.2
15.2
0.48
0.32
17.6
21.12
0.64
5.6
318.88
28.96
4.8
22.4
0.32
21.6
24.32
6.1
107.2
5.6
8.6
4
0.32
19.84
16.0
10.4
4.2
16.0
5.6
0.16
34.4
0.96
23.36
0.8
0.32
7
1.6
2.4
7
3.52
64.8
36.8
9.9
14.9
9.9
31.2
20.0
4.2
17.28
4
2.08
0.8
0.8
22.72
24.8
6.4
0.32
32.0
0.16
69.6
43.2
272.0
15.2
6.9
1.44
10.4
12.8
24.8
8.8
14.1
47.2
16.0
39.2
36.64
16.0
10.4
4.8
20.48
2.88
66.4
25.76
20.48
9.6
0.32
6.9
4.2
0.96
17.6
0.8
29.6
4.8
17.6
2.08
4.8
0.32
7.2
10.4
24.0
1.6
8
74.08
8
71.2
3.2
3.2
13.6
4.8
8.8
48.0
40.8
48.0
4
7.4
10.4
13.1
19.2
142.4
32.96
16.8
50.4
8
4
18.4
15.4
22.4
8
6.2
4.8
5.8
2.4
35.2
137.6
32.0
9.6
5
13
4
53.6
17.6
5.6
3.52
19.2
16.0
2.56
1.6
13.6
7.2
123.2
9.1
5.9
64.0
20.48
0.32
16.0
3.2
2.88
6.6
16.0
24.8
15.5
45.92
16.0
5.6
7.2
6.4
131.2
12.8
45.28
28.0
11.2
4
5.6
0.32
1.12
12
4
4
2.4
0.8
1.6
4
8.3
23.2
22.88
11.2
7
10.2
6.1
20.16
21.6
12
1.12
4.8
7.2
8.5
2.88
32.48
4.8
7.2
10.4
9.9
1.6
16.96
8.5
3.84
13.6
7.4
34.4
30.4
8
32.0
0.96
10.6
1.6
19.68
5.6
7.2
90.24
16.96
6.4
0.64
0.8
26.4
16.0
4.8
24.0
5.6
141.6
16.8
0.8
14.4
24.0
5
7.2
16.0
22.56
0.64
16.64
10.4
174.4
9.1
0.64
25.6
29.6
44.0
1.44
17.12
84.8
1.6
9.6
2.4
10.6
6.4
3.2
1.44
14.4
11.2
1.44
0.48
28.0
45.6
7.7
0.16
25.6
28.8
4.5
5.6
15.2
2.4
8.2
15.2
2.4
36.32
74.4
0.8
35.2
4.8
5.6
4
22.72
12
5.6
12.5
113.6
17.92
98.4
28.32
5.6
20.8
22.56
5.3
5
2.1
3.2
16.0
16.0
1.44
5
9.9
40.0
13.6
2.1
68.8
12
63.2
2.9
30.4
16.0
14.4
14.4
16.0
9.1
2.4
1.44
68.8
9.1
12.6
20.8
147.2
11.2
17.76
13.6
44.8
196.0
8.8
89.92
2.24
8
14.9
18.4
22.4
26.24
25.6
28.16
24.0
16.0
0.64
13.4
33.6
62.4
25.6
4.8
14.6
13.4
3.2
30.4
68.8
4.8
17.6
14.9
39.2
9
28.8
8.8
0.96
3.52
31.2
4.2
16.0
20.0
15.2
4.8
2.08
2.4
28.8
4.8
1.76
5.6
10.4
9.6
20.48
2.08
15.2
20.0
5.6
0.32
7.8
12
28.0
14.4
16.0
2.56
160.0
28.0
16.8
8.6
1.44
8
8
8.8
134.4
24.0
1.44
25.6
75.52
5
7.7
5.6
139.2
12
5.6
19.2
136.0
62.08
1.6
1.6
10.2
3.36
26.4
108.0
48.0
0.64
7.2
2.88
12.8
11.2
5.6
6.4
26.4
5
46.56
28.0
12.8
11.2
5.6
31.2
22.08
35.2
16.0
27.2
82.4
0.32
12
57.6
8
0.64
16.0
2.4
11.8
2.4
54.4
3.2
16.0
16.0
4.8
16.0
27.2
74.4
8.5
18.4
0.32
25.44
6.9
21.92
5.9
66.24
23.52
12.8
8
7.7
1.6
28.0
7.2
120.0
2.08
57.6
6.6
6.4
31.36
16.0
2.08
4
1.76
18.4
6.4
4
18.4
14.4
3.2
4
24.0
34.4
1.76
1.6
3.2
8.3
96.0
23.2
17.6
116.8
57.12
4.3
16.0
3.52
17.76
13.1
48.0
12.8
17.6
45.6
10.9
12
4.8
7.2
2.56
132.0
29.6
12.8
6.1
244.8
14.1
2.4
3.2
44.0
60.8
0.8
2.88
15.5
5.6
12.6
7.2
1.6
15.5
8
1.12
0.64
95.2
30.4
3.52
0.64
16.8
17.76
1.44
5.6
2.56
0.96
50.56
287.2
7.8
0.32
26.4
19.2
11.8
4.8
7
2.24
7.2
1.6
69.6
2.08
162.4
16.0
2.56
76.8
4
8
12.8
8
74.72
13.6
20.8
19.2
40.8
129.6
5
6.4
18.4
5.6
1.4
132.0
45.6
5.6
35.2
5.6
13.6
15.5
24.0
13.6
2.4
186.4
46.56
5
8
38.4
4
45.6
0.16
4.8
9.9
28.8
24.0
3.2
119.2
31.2
29.28
0.64
1.12
16.0
2.4
26.4
16.0
8
1.92
2.4
1.12
0.8
58.72
79.68
20.96
0.32
1.6
3.2
268.0
0.96
2.4
5.6
96.16
39.2
12.5
8.8
18.4
8.8
0.32
16.0
1.6
51.2
1.1
136.8
6.4
1.6
1.6
0.8
11.4
11.7
23.2
13.6
0.8
2.4
33.6
10.6
11.2
7
4
2.4
28.8
126.4
5.6
12
8.8
3.2
1.6
13.6
4.8
5.6
5.6
4.8
3.2
0.32
20.8
0.96
15.5
41.6
4.8
40.8
17.6
5.6
29.6
1.6
7.5
16.0
19.68
10.4
72.0
16.96
23.2
47.2
24.48
2.4
4.2
10.4
50.4
25.6
40.8
6.4
20.8
1.6
0.96
1.28
38.4
7.8
3.2
11.8
4.8
40.0
6.4
112.0
1.12
22.4
43.2
30.72
4.8
1.76
4
2.08
16.16
3.2
6.4
8.5
16.0
0.8
11.4
12
19.2
12.3
7.2
30.08
52.8
0.32
2.88
31.2
19.84
5
8
10.6
12
10.4
1.76
30.4
2.4
0.32
8.8
4.8
5
46.88
40.96
5.6
47.2
188.8
2.4
0.32
37.76
43.2
44.16
24.96
96.0
16.64
28.0
78.4
5
113.6
11.2
21.6
8.8
13.6
8
6.4
14.1
0.32
29.44
4.8
3.52
6.4
22.56
16.0
0.96
25.44
20.8
6.4
0.64
19.36
9.6
4
64.32
8.8
1.6
25.6
5.6
0.64
39.2
8.8
5.6
3.2
5.6
11.2
10.9
22.4
48.0
3.52
16.0
0.32
5.6
0.8
12.8
21.12
1.44
7
78.4
2.56
18.4
8.6
14.6
12
10.6
1.6
13.9
10.4
48.64
0.64
5.6
8.5
2.4
19.2
16.0
40.0
2.56
19.36
2.24
12.6
5.6
34.4
12.8
26.4
27.04
38.08
0.8
55.68
2.4
7.2
4.5
0.8
0.96
239.2
4
5.6
26.08
0.64
5
35.2
37.6
100.8
43.04
6.4
10.4
60.0
1.6
5.6
0.8
32.0
14.9
12
3.2
93.6
16.0
21.12
7.2
4
16.0
3.2
0.64
39.2
0.8
6.4
13.6
8.2
13.6
20.48
10.4
7.2
15.2
13.6
1.6
16.0
5.6
22.4
0.32
33.92
48.0
10.2
6.4
5.6
21.12
0.8
0.32
30.4
27.2
2.4
0.32
24.0
35.2
4.8
13.9
103.2
32.0
5
1.44
72.0
6.4
32.0
160.0
26.4
3.52
4
54.4
26.88
32.0
80.0
112.0
16.0
2.4
9.6
78.4
6.4
16.0
1.6
0.64
15.2
4.6
10.4
2.88
8.6
24.64
9.6
4
166.72
0.32
5.1
3.2
18.56
7.5
51.2
64.0
16.16
47.52
19.04
94.88
25.6
2.72
1.6
6.4
21.6
17.12
10.4
20.0
4
9.6
3.2
2.4
11.4
1.6
4.5
5
2.4
6.1
8
55.04
3.52
0.32
34.56
3.2
40.0
6.1
3.52
9.1
22.4
5.6
2.08
2.56
16.96
0.96
20.0
5.6
2.4
4.8
60.64
0.32
5.6
31.2
7.8
33.44
11.2
16.8
5
7.8
9.6
14.9
1.6
30.08
2.88
0.64
19.52
5.6
19.2
17.6
8.8
316.0
24.16
70.56
237.6
5.6
0.2
31.04
8
11.2
28.16
5.9
2.88
4
13.8
16.32
0.32
5.3
2.4
101.6
0.32
20.8
14.1
17.6
95.2
28.0
19.2
35.04
3.2
0.96
2.4
25.44
138.4
3.2
4.2
9.1
3.2
12.6
13.8
24.0
5.6
0.64
9.6
9.9
272.0
48.8
6.4
13
8.8
11.4
8.5
9.6
4
3.2
16.0
7.2
3.2
3.2
10.2
0.3
16.0
5
0.96
8.8
17.6
6.4
25.6
12
12
4.2
32.0
4
10.7
16.0
38.08
21.44
5.9
22.24
4
4.8
14.4
16.0
28.8
3.2
26.72
3.52
5.4
16.8
13.6
8
25.6
5
11.2
0.8
43.68
0.8
180.0
13.6
3.52
2.72
66.56
96.0
7.4
63.2
4
71.2
4
23.2
3.2
0.32
6.7
36.8
9.1
28.8
5.4
0.32
18.72
35.04
22.4
9.8
42.4
7.2
262.4
6.9
5.6
7.2
11.2
20.8
8
52.0
17.6
0.32
5
48.0
7
5.6
3.84
16.16
4.2
12.8
5.6
25.92
2.4
17.12
7.2
0.8
1.6
1.6
5.6
6.4
17.92
22.4
0.8
5.6
34.56
9.6
0.32
12
0.32
4.2
21.12
0.32
21.44
3.84
107.2
22.4
38.08
28.0
33.6
96.8
35.2
1.12
5
1.44
1
4.3
32.0
20.48
5.6
20.0
2.4
0.32
55.2
2.4
8.5
20.8
0.8
7.8
19.2
4.8
32.0
8
22.88
18.4
9.1
6.4
4
32.0
6.6
6.4
63.2
4
134.4
4
15.2
15.2
19.04
15.5
19.2
32.48
27.2
13.6
316.0
35.2
11.2
23.68
10.4
33.44
166.4
54.4
1.6
14.4
3.52
37.6
32.0
18.4
57.6
11.2
69.6
30.4
5.1
3.68
14.4
24.8
9.1
37.6
2.4
10.2
0.32
24.0
7.4
16.0
6.4
14.4
5.6
17.12
28.8
17.6
26.4
100.8
11.2
6.7
5.6
24.16
16.0
24.8
4.8
16.0
12.5
11
24.0
1.6
4
9.6
26.4
68.16
5.9
11
0.32
8
26.56
51.2
4
1.6
230.72
12.8
8.8
3.8
4
1.6
108.64
35.2
3.84
31.2
20.0
6.4
8.8
7.8
35.2
9.9
24.8
8
0.8
24.0
6.4
13
6.4
2.4
0.8
12.6
7.2
3.2
20.8
3.2
18.4
4.8
42.4
4.2
8.3
11.2
0.96
5.6
0.32
6.9
9.1
65.6
6.4
66.4
1.6
98.72
19.2
5.6
1.12
7.2
0.96
144.96
22.4
2.4
3.2
16.8
10.6
240.0
100.8
6.7
12.8
4
1.6
0.32
11.2
9.6
9.6
50.4
44.0
10.4
33.28
1.44
3.52
25.6
176.0
8
3.52
18.88
48.8
73.6
49.6
9.6
39.2
0.32
19.36
0.64
97.44
19.2
0.8
2.4
21.6
4
20.0
12
0.32
34.4
0.96
20.0
13.6
13.8
8.8
17.6
4
18.4
18.4
20.8
4
21.6
12.8
4
8.6
227.2
8
15.2
4
0.96
2.4
4.8
11.2
2.4
13.6
42.4
6.4
2.56
2.08
26.4
34.4
9.9
65.6
43.2
10.6
10.6
89.6
71.2
14.4
19.04
1.6
36.0
4
19.36
3.84
8.8
20.8
17.6
3.52
5.9
16.8
36.8
18.4
15.2
1.6
2.4
27.2
4
27.52
70.4
76.0
37.76
0.64
16.0
14.1
12.6
0.32
0.8
14.4
0.8
26.08
13.4
8.8
11.2
4.2
4.2
5.6
1.44
13.8
16.8
32.0
7.2
10.4
8.5
28.8
10.1
14.9
16.0
21.6
14.1
0.48
29.6
0.32
8.8
3.2
83.2
14.4
6.4
2.4
11.4
70.4
10.2
22.4
13.4
320.0
0.32
0.64
20.0
19.2
4.8
12
5.3
16.32
19.2
4.8
15.5
3.2
0.32
12
6.4
5.6
25.44
17.6
124.0
0.32
46.4
2.4
139.2
72.0
5.1
26.4
67.04
48.0
14.4
0.32
37.6
9.6
225.6
38.4
64.0
0.8
0.32
19.2
64.96
9.6
14.6
0.96
20.0
27.2
29.6
12.6
6.4
12
10.2
39.36
4.8
9.6
17.6
45.6
2.4
16.0
4.8
14.1
48.0
24.0
7.2
15.2
16.0
0.64
3.52
19.68
12.2
36.0
8
78.4
9.1
2.4
42.4
2.4
1.6
96.0
4
7.5
135.2
7.2
4.8
18.4
3.04
2.88
5
28.8
204.8
12.8
4.8
22.4
0.64
33.6
4.8
8
237.6
24.0
19.2
2.08
188.8
1.6
16.8
8
6.7
8
26.4
4.8
185.6
6.4
2.72
48.0
67.2
2.4
3.2
4.8
20.0
9.6
0.8
20.64
4.3
1.6
9.6
16.96
4.8
5
0.8
11.2
6.4
13.6
4
40.0
1.6
1.6
52.8
12.8
16.0
11.2
0.8
17.6
10.4
3.84
12
21.6
5.6
33.92
12.8
8.8
6.1
58.4
11.2
0.96
73.6
7.2
9.3
4
14.9
26.4
26.4
3.2
28.8
7.8
10.4
2.72
7
2.24
13.9
8
0.8
15.2
15.5
16.16
1.6
25.6
2.4
23.2
12.8
15.2
8
31.04
1.6
24.8
5
43.2
316.8
4.2
1.6
105.76
6.4
17.6
28.16
4.8
11.2
22.72
232.0
9.6
7.5
3.52
18.4
26.08
4.6
26.88
14.1
3.2
3.36
1.6
29.12
7
7
62.4
5
15.2
287.2
5.1
23.36
5.6
2.08
10.7
4
174.4
49.92
2.4
0.96
27.36
0.32
16.8
22.4
8
16.0
26.72
2.08
0.8
3.2
4
26.4
4
4.8
12.8
33.6
4.8
0.32
90.4
18.4
18.4
88.8
38.4
1.44
20.48
5.6
4
4
70.56
0.48
0.8
40.8
2.56
32.0
116.0
5.6
22.4
7.2
5
63.2
34.4
36.96
9
0.96
0.8
1.6
40.8
8.8
8
0.64
76.8
26.4
15.2
5.6
2.88
2.4
2.4
16.0
11.2
15.2
16.0
4.8
8.3
2.4
32.48
22.4
16.0
0.8
16.0
21.92
5.6
20.0
0.8
1.6
16.0
16.0
1.6
109.6
1.44
0.32
0.8
9.6
15.5
51.2
10.6
77.44
6.4
3.2
0.8
13.8
6.4
6.4
0.8
0.32
0.8
13.1
13.6
6.4
8.6
48.0
112.0
2.88
0.8
12.8
18.4
92.8
18.4
56.0
132.8
31.2
19.68
56.8
0.8
0.64
13.4
76.0
64.0
21.6
30.4
115.2
7.2
5.9
24.8
159.2
7
5
49.44
154.4
39.68
9.9
2.24
4
48.8
61.6
7
20.16
5.6
45.6
2.08
31.68
8
1.76
2.4
0.96
2.08
68.48
15.8
22.4
3.52
5.6
19.2
84.64
4
8
16.0
24.0
134.4
23.2
8.8
12.8
16.0
5.8
13.3
0.8
4.8
288.0
9.9
0.8
7.2
3.2
4
0.48
23.68
4.8
0.32
32.0
34.56
16.0
16.0
115.2
13.6
16.8
92.8
10.7
8
42.4
1.6
64.0
25.6
2.4
12
2.88
21.6
66.4
20.0
0.32
9.4
2.88
1.44
0.8
41.6
4.5
0.8
12.8
23.2
8.8
2.4
0.64
0.96
0.64
8.5
125.6
134.4
8
18.4
316.8
20.48
5.4
35.2
304.0
7.2
0.32
15.2
2.4
30.4
4
7.2
174.4
69.92
4.8
28.0
0.96
48.0
2.4
9.6
13.6
3.52
131.2
14.4
26.08
17.6
3.52
24.8
118.4
14.1
0.3
35.2
10.9
191.2
0.32
65.6
204.0
6.1
15.5
6.4
2.4
32.0
40.8
0.96
8
142.4
26.72
64.8
76.0
25.44
0.96
4
0.32
76.8
2.4
96.0
57.92
21.76
28.96
8.8
24.0
6.4
3.5
16.0
9.6
1.6
12
16.8
14.4
24.0
7.8
0.32
121.6
44.48
20.0
0.8
2.88
2.88
0.32
6.4
7.2
7
16.8
6.4
6.6
11
10.4
7.5
2.08
24.0
28.0
11
4.8
64.0
23.36
0.32
1.6
26.4
37.6
272.8
14.4
9.6
3.2
0.64
8
9.6
9.6
12
20.48
6.4
31.68
108.8
32.8
64.8
20.8
0.32
1.6
2.88
136.8
16.96
3.36
11.2
16.0
15.5
10.4
24.0
0.96
23.2
0.96
17.6
4.2
72.8
52.96
0.16
18.56
3.52
1.6
10.4
14.9
2.4
7
1.12
1.44
67.68
6.4
3.2
42.08
20.0
6.4
9.3
2.88
32.0
48.0
7.2
2.08
12.8
0.8
4.8
10.4
1.6
13.8
17.6
11.2
17.6
60.0
11.2
13.3
68.48
5
4.8
16.8
16.64
80.8
90.4
2.08
26.4
28.8
3.5
66.88
24.8
1.92
0.32
16.0
0.32
82.4
0.8
1.6
8
130.4
2.24
0.8
0.96
0.32
148.8
2.88
20.0
28.32
25.6
10.4
52.0
3.2
0.96
16.0
5.9
2.4
11.2
1.6
20.0
15.7
6.4
10.4
7.2
9.6
62.4
9.6
84.8
1.76
14.1
14.9
2.4
9.1
82.56
16.0
0.32
4.8
208.0
4
40.16
19.2
36.0
0.8
16.0
22.4
4.8
38.08
3.2
4
5.6
0.3
3.5
11.8
161.6
20.8
15.2
9.1
20.8
3.2
4.2
64.0
5.6
21.6
14.4
88.0
16.0
6.4
80.0
25.6
40.64
28.8
10.4
1.6
24.8
8.3
7.2
15.2
3.2
0.96
1.6
10.4
1.6
20.8
22.24
16.0
23.2
4
24.16
6.6
36.64
6.4
8.8
0.3
28.0
127.2
4
28.8
5.6
3.2
51.2
134.4
0.96
8.8
18.4
32.48
20.64
8.6
10.7
0.32
68.0
26.08
11.7
11.2
5.1
13.6
16.0
6.4
8.8
19.52
16.0
4
10.6
35.2
0.8
8.5
10.4
161.6
2.4
0.32
99.2
275.2
32.0
19.2
7
10.4
0.8
6.7
1.6
10.4
211.2
3.2
5.3
7
3.2
7
12.8
3.2
19.68
46.08
16.0
14.2
0.48
33.6
33.6
19.68
11.4
6.4
0.96
2.4
81.76
20.8
9.1
3.2
23.2
3.84
28.8
17.6
7.4
9.6
1.6
4.8
16.0
16.48
12
24.8
7.2
17.6
48.0
49.6
13.6
96.0
10.4
7.8
8.8
0.32
2.9
159.2
22.56
16.96
7
25.44
0.64
14.4
33.92
269.6
16.0
1.6
26.08
6.4
17.6
3.52
10.4
28.8
202.4
1.44
2.88
1.44
0.32
11.2
11.2
2.08
80.8
81.44
32.0
4.3
40.0
12
21.6
48.0
13.4
24.8
1.44
19.2
5.6
9.9
16.0
0.3
17.6
16.0
32.0
1.76
30.4
4.2
20.8
15.5
5.1
10.4
2.9
16.0
16.0
15.2
3.2
17.6
8
11.8
24.96
20.8
0.32
16.96
27.2
120.0
8.5
13.8
12.8
18.4
2.88
11.2
4.2
2.4
7.2
0.8
95.2
8.8
8.8
58.4
3.2
100.0
8.5
1.6
10.2
18.08
0.96
22.08
160.0
28.16
14.4
171.2
3.52
5.6
116.8
26.88
3.36
105.6
13.6
34.4
19.84
6.4
2.4
21.6
4.8
5.6
145.6
9.6
6.4
33.6
1.6
2.88
54.4
4.2
0.64
2.88
107.2
41.6
48.0
7.4
113.6
36.8
1.76
71.84
14.4
8.8
8.5
36.0
3.36
240.0
0.8
10.4
8.5
16.16
27.2
105.6
10.6
0.32
32.0
64.8
15.2
3.2
6.4
88.0
33.6
4
8.8
47.2
25.6
27.84
266.4
24.0
15.2
28.96
4.8
44.48
5.6
57.12
5
25.28
0.32
4.8
2.08
11.4
33.6
9.4
4.8
4.6
33.92
8
12.8
1.12
19.2
1.6
6.4
4.8
2.4
131.2
4
10.7
16.0
134.4
5.6
12
48.8
7.2
0.8
0.32
3.2
0.3
0.8
28.8
7
1.6
22.4
0.8
3.04
12
32.0
8.5
5
4.8
13.1
5.6
96.0
5.6
17.6
7.4
1.44
5
16.0
2.4
16.0
64.0
20.0
8.8
48.0
17.44
34.56
15.2
19.2
56.0
3.2
4
57.6
7.2
148.0
6.4
6.4
21.6
1.6
1.6
12
62.4
4.8
1.12
9.6
239.2
54.4
32.0
29.28
24.0
60.8
12.8
0.32
0.32
224.0
19.2
9.6
5.9
2.4
2.4
12.8
30.4
3.2
76.0
8
0.8
16.64
3.2
5
0.16
8.8
5.6
32.8
5.6
16.0
4
4
21.44
16.48
13.6
4.2
9.1
2.08
27.2
3.04
4.8
0.64
3.84
16.0
24.64
28.8
81.76
1.28
6.4
4.8
15.2
12
4
2.88
6.9
2.88
1.12
41.44
33.6
102.4
14.4
15.2
32.0
16.0
9.6
5.4
1.76
122.4
24.0
4
1.76
17.6
8.2
8.8
16.0
5.6
8
16.8
0.32
11.4
25.76
0.32
0.64
35.2
8.8
36.0
2.4
4
35.2
22.24
19.2
21.92
14.9
15.2
18.4
52.0
12.6
6.4
5.6
16.8
48.0
35.2
4.8
3.2
5.6
4.8
4
76.0
2.08
5
2.4
8.8
5.6
18.4
60.8
16.8
1.6
281.6
50.4
8.8
6.4
1.6
21.12
35.84
4.3
25.6
5.6
2.4
2.4
32.8
6.4
240.0
11.2
77.6
20.48
2.7
28.8
18.4
10.4
0.64
34.4
12
22.4
11.2
1.44
21.12
0.32
84.16
14.4
19.2
8.5
1.6
1.44
8.5
12
92.8
28.16
24.0
79.2
12.8
10.4
6.7
4.8
28.96
22.4
89.6
6.4
27.04
7.2
2.88
8.8
35.2
5.6
3.2
2.08
0.96
4
86.08
75.2
0.96
0.64
7.2
76.8
102.24
2.4
2.08
132.0
5
18.56
0.8
38.4
12.2
42.4
19.2
2.08
28.96
17.6
76.0
19.04
80.0
9.6
16.8
8.8
9.9
27.2
42.4
25.6
0.96
8.8
12.8
0.32
3.2
0.8
224.0
16.0
20.0
2.4
43.2
10.9
4
60.8
2.4
3.2
5.3
12.8
4.8
15.2
67.2
33.6
40.8
8.8
14.4
19.2
27.52
1.6
2.4
4.2
0.8
5
11.8
8.8
4.8
3.84
9.6
21.12
16.0
5.8
4
2.4
48.0
20.48
16.0
6.4
76.0
0.96
218.4
28.8
9.6
57.6
3.2
99.2
18.4
11.8
0.96
9.9
6.4
20.8
27.2
7.2
0.64
9
3.2
16.0
25.6
16.0
0.64
3.2
8
0.32
17.6
2.4
20.0
16.32
8.8
57.28
29.6
82.56
0.64
0.8
4.8
32.0
4
11.4
52.8
12
4
21.6
19.2
9.6
12.6
8.8
4.8
26.08
115.68
35.2
18.4
2.88
11.2
15.2
45.6
31.2
8.3
45.12
41.92
5.9
1.44
36.8
1.6
12.8
56.0
0.8
0.8
3.36
7.2
4.8
8.8
26.4
18.72
16.0
16.0
2.88
4.6
11.2
9.1
3.2
0.64
9.6
12.8
16.0
8.8
5.6
0.64
40.8
21.92
48.8
9.1
3.84
10.9
12.8
6.4
4.8
1.28
5.6
9.1
5
92.0
79.2
11.2
0.3
4
267.2
0.96
28.16
6.4
4
21.6
5
41.6
4.8
63.2
29.6
23.36
15
43.2
73.6
64.0
32.0
31.36
41.6
4.8
11.2
9.6
7.2
171.2
10.6
8.5
28.8
39.36
96.0
0.16
185.6
16.48
22.4
3.52
112.0
10.4
0.32
6.4
30.4
35.2
16.0
20.64
10.4
7.7
5.1
15.2
14.4
16.8
19.04
11.2
11.4
12
7.2
3.84
84.8
4
12
15.2
2.88
0.64
1.4
14.9
87.2
6.4
6.4
84.8
2.4
16.0
1.12
4.2
26.08
39.2
15.8
35.2
16.0
19.04
145.6
14.4
26.4
14.4
26.4
22.4
19.2
5.6
3.2
18.56
4.2
16.0
28.0
18.56
8.5
12.8
7.8
12.3
0.64
16.0
18.88
5.6
2.08
5.6
11.7
1.12
11.4
73.6
0.3
0.64
37.6
5
9.6
4.3
5.8
1.6
31.2
1.6
32.0
6.1
0.8
14.4
7.8
5.4
10.6
2.08
23.2
30.4
8
42.4
18.08
18.4
24.96
3.52
17.6
64.0
17.28
25.44
23.2
0.8
43.68
20.16
35.2
2.08
4.8
0.32
0.96
8.2
4.8
8
16.8
9.9
6.4
5.8
3.2
12
118.4
41.92
0.48
12
0.96
24.0
14.4
8.5
28.0
53.6
0.8
17.6
0.3
7.4
4
12
0.32
0.64
19.2
1.44
7.2
1.6
9.6
2.88
2.1
36.0
0.32
14.1
1.6
10.4
35.2
0.64
3.2
3.04
12
9.6
0.32
185.6
8.5
11.4
27.84
0.96
12.6
16.8
48.0
13.6
9.6
24.8
2.72
6.1
16.0
124.8
234.88
26.88
11.2
33.6
8
12
47.2
1.92
30.24
0.64
0.32
0.8
4.6
7.2
16.0
12
176.0
9.6
39.52
8.8
34.4
14.1
4
16.8
36.8
48.32
12.6
34.56
25.6
22.08
25.12
5.6
9.9
84.0
6.4
2.4
2.4
33.6
121.6
3.5
1.44
6.6
25.6
41.6
8.5
40.0
12
5.6
4.8
37.6
14.4
1.6
8
12
11.2
32.0
150.4
2.08
16.8
4.8
26.08
25.6
16.0
4.8
104.0
0.8
3.84
13.1
2.4
36.32
7.2
19.2
32.0
3.52
20.8
13.1
32.0
17.6
9.6
5.6
2.56
31.2
5.6
4.8
31.04
8.5
10.4
289.6
0.8
2.4
26.88
25.44
33.6
4.8
37.6
0.8
29.6
26.08
48.64
0.8
16.16
14.1
10.4
24.0
0.32
7.8
44.0
20.8
34.4
15.5
6.4
279.36
36.8
4
12
40.8
4.2
2.24
4.8
10.2
3.2
31.04
2.72
6.4
25.6
4.8
31.68
0.32
0.6
10.2
8
80.0
5.6
83.2
0.8
10.4
6.4
18.56
3.52
1.6
13.6
69.92
1.4
64.0
1.6
1.28
216.0
30.4
0.32
0.16
19.2
4.2
112.0
10.4
7.7
19.2
1.92
17.6
4
20.48
0.96
9.6
147.84
2.4
2.4
4.8
8.8
104.0
11.2
22.4
0.8
204.8
21.6
22.08
10.2
225.6
0.8
12.8
9.6
32.0
10.4
36.8
8
8.5
20.48
97.6
108.8
2.08
4
17.6
16.8
117.6
16.0
12.8
0.8
4.3
2.56
11.4
5
10.4
0.32
28.0
10.4
16.0
34.4
14.9
19.2
16.16
7.2
8
5.6
4.8
27.2
7.2
3.2
16.0
5.6
0.32
20.8
54.4
7
13.6
11
18.4
4
17.6
8
22.4
7.2
4.8
54.4
5.6
29.92
4.8
12.8
75.2
154.4
9.6
4
9.6
24.0
12
0.32
14.4
2.4
4.6
0.16
25.6
20.8
3.2
185.6
15.2
20.8
20.8
198.4
8.2
3.7
100.8
6.2
8
69.92
0.8
1.44
21.92
20.0
13.4
18.4
2.88
3.84
13
59.36
4
11.8
21.6
44.8
116.0
26.56
63.2
4.2
3.2
16.0
3.84
4
38.24
16.0
35.2
32.32
24.0
14.4
16.0
56.8
2.4
13.8
21.6
6.4
9
2.88
4.8
62.4
1.6
6.4
14.9
3.68
5.9
4
14.4
41.6
0.32
0.64
4.8
11.2
8.8
1.6
41.6
5.6
16.64
8
12.8
52.8
114.4
1.6
6.4
0.32
18.4
0.3
15.2
3.2
77.6
14.4
16.96
124.0
16.0
68.0
14.4
12.5
20.0
144.0
0.32
1.6
81.6
60.8
7.2
19.2
1.6
20.96
10.9
4
15.5
33.6
17.28
16.0
205.92
77.6
122.4
3.2
9.6
0.32
16.0
38.4
1.76
11.4
60.32
1.6
13.4
67.2
30.4
4.5
6.4
53.6
7.4
13.6
5.4
7.2
4
36.96
4
114.4
25.12
21.6
1.6
4.8
0.64
21.76
17.6
28.8
4.2
24.0
21.6
20.0
16.0
16.8
7.2
124.8
17.6
21.44
1.6
1.6
26.72
16.8
33.12
11.2
24.0
6.4
0.32
13
12.8
2.08
11.2
59.2
22.4
70.4
13.1
8.8
5
92.0
1.6
4.2
2.4
113.6
7.4
16.0
11.2
2.88
92.0
24.8
17.6
8.8
8.8
180.8
37.6
4.8
0.32
33.6
0.64
4.8
1.92
18.4
2.56
0.96
33.92
1.6
3.2
11.7
6.4
19.2
8
3.52
5.4
4.2
11.2
5.6
1.44
40.8
4.8
5.6
0.32
26.4
17.6
4.8
19.04
5.6
4
24.8
14.4
4
12
81.12
14.4
1.12
1.76
17.12
16.0
2.88
21.28
20.8
32.0
0.96
41.6
13.1
19.2
6.9
16.0
0.96
0.64
0.96
13.6
26.72
9.6
87.2
6.9
25.6
7.2
3.52
3.52
9.6
44.0
16.0
9.1
21.76
4
36.0
2.08
72.0
10.4
3.84
2.08
75.2
1.44
12.8
8.5
8
204.64
40.0
5
30.4
86.4
4.8
2.4
22.4
4
17.6
10.4
17.6
8
8.5
28.96
272.0
8.6
24.0
3.2
7.2
9.6
6.4
10.4
8.8
39.2
7
12.8
24.0
0.96
2.4
2.56
143.36
50.4
16.8
42.4
5.6
5.6
14.4
6.4
20.0
3.2
179.2
16.0
32.0
16.8
91.2
52.0
16.8
0.8
4.2
4.8
79.2
1.28
16.0
4.2
18.4
34.4
224.0
32.8
0.16
3.2
4
24.0
15.2
304.0
4.8
10.4
4.8
16.0
12
3.2
1.6
12.8
270.4
3.2
7.2
176.0
9.9
12.2
32.8
6.4
0.32
25.6
8.5
15.2
23.2
32.16
2.56
1.92
40.8
18.72
144.0
2.4
4
84.0
1.92
0.8
14.6
96.0
55.2
1.6
27.2
27.2
0.32
82.4
6.7
26.88
8.5
31.2
37.6
1.76
1.6
12.8
9.6
10.4
64.0
6.9
5.4
7.8
0.64
8.2
276.8
23.04
16.0
21.92
13.3
44.8
4
4.2
0.3
2.56
24.8
28.0
8.8
0.96
7.2
32.8
4.2
21.92
53.6
0.96
9.6
0.8
2.56
0.8
6.4
0.96
0.32
32.8
8
37.6
8.8
7
77.6
28.96
11.8
59.2
4
16.0
4.8
19.2
45.6
11.2
281.6
64.0
18.4
0.96
224.0
7.2
3.2
1.6
8.5
20.32
23.2
16.0
36.8
7.8
12
12
65.76
8
13.6
3.84
57.6
2.24
12
31.04
9.6
16.96
4.8
3.2
88.8
8
16.0
4.2
12
6.4
8.8
12
4.8
7
134.4
5
11.2
300.8
6.6
62.4
136.0
17.44
16.0
60.8
8
0.64
5.4
0.8
0.32
5
1.44
5.6
8
18.08
6.4
14.6
4.8
20.16
32.48
15.5
15.8
26.88
6.7
10.2
72.0
4.2
4
11.4
27.2
31.04
7.2
11
5.1
80.0
13.4
18.88
12.8
12
11.2
48.0
8.6
1.6
24.64
2.72
224.0
8
3.2
13.8
5.6
53.6
14.4
4.2
0.96
10.1
24.8
16.0
148.0
0.32
34.08
15.2
5.6
2.4
43.2
9.4
42.4
15.5
0.96
10.4
47.2
6.4
92.8
2.4
2.24
74.4
37.6
57.6
3.2
20.8
3.2
14.4
3.2
4
3.2
11.2
56.0
90.4
79.2
11.2
96.0
2.4
27.04
6.7
26.08
2.4
14.4
9.4
20.0
3.2
0.32
16.0
13.6
9.1
42.4
8
21.12
37.28
2.88
14.4
41.6
3.36
26.72
19.2
11.4
5
2.4
139.2
43.68
80.0
32.8
0.32
43.04
5.6
1.6
5
15.7
16.0
30.56
0.64
27.2
7.8
64.32
14.4
15.4
10.6
6.4
20.0
48.64
21.6
48.96
32.0
8.8
109.28
64.0
40.8
38.88
1.6
6.2
4.2
16.0
15.2
0.64
0.96
6.4
5.6
10.4
0.96
7.2
24.8
2.72
2.4
1.6
2.08
20.8
24.0
9.6
17.92
2.4
11.2
9.6
276.0
13.3
17.6
4.8
49.6
32.0
0.8
7.2
33.6
4
60.8
110.4
9.1
26.4
8.6
0.48
23.84
16.0
47.2
29.6
13.6
4
11
4
2.4
4
18.72
3.04
5
10.4
0.96
185.6
8
0.32
12.8
34.4
2.4
11.2
12.3
6.4
21.28
3.84
1.44
320.0
40.0
36.0
45.92
8.6
0.64
0.32
4
17.6
2.72
4.8
2.4
176.0
1.6
2.08
13.4
20.0
172.8
2.08
0.8
8.6
2.4
11.8
32.0
16.0
8.2
6.4
21.6
9.6
101.76
9.6
1.12
8
8.2
6.4
11.8
38.4
6.4
11.2
15.5
16.0
0.64
30.4
8.8
23.2
11.2
4
0.32
5.6
8.5
6.2
36.8
0.32
17.6
5.6
14.4
25.6
2.4
20.0
120.0
56.8
36.48
16.0
8
37.76
43.68
0.8
64.16
4.2
3.2
10.4
10.4
1.6
4
11.2
8
11.2
9.1
54.4
2.4
0.64
19.2
96.0
1.44
1.12
16.16
3.84
0.32
4.8
4
0.64
5.6
3.2
0.32
6.4
6.4
8.8
32.0
6.1
4.2
2.4
14.4
4.2
0.48
38.56
317.44
15.2
4.8
14.1
124.8
15.5
7.4
32.0
0.8
10.9
4
5.6
10.4
1.44
4.8
12.5
4
18.4
23.36
5.1
0.64
9.6
4
10.4
30.4
7.7
0.8
1.12
9.6
8
0.32
1.6
39.68
0.16
12
17.44
2.4
14.1
32.8
17.6
23.36
2.4
19.2
20.48
8.8
115.2
0.48
35.68
10.2
15.4
16.0
1.44
16.0
1.6
30.08
86.56
16.0
76.0
76.8
0.8
7
20.0
4.8
0.32
0.48
163.2
35.2
49.12
28.8
2.4
173.6
9.6
2.08
124.8
1.12
3.52
0.16
172.8
17.76
6.4
1.92
12
8
3.2
4
2.72
2.4
60.8
186.4
10.4
17.6
28.0
25.6
105.6
6.4
3.8
9.9
27.36
4.2
5.3
24.0
8.8
153.6
22.72
12
15.2
17.6
112.0
57.12
27.52
31.04
0.96
16.0
13.6
0.8
4.8
24.8
12
16.0
17.28
60.8
5.4
2.4
12.8
1.6
15
0.48
4
19.2
0.32
7.5
12
3.4
0.64
62.4
6.4
0.32
2.4
0.32
124.0
70.56
6.4
14.4
186.4
1.6
9.9
13.6
8.8
6.4
0.8
20.8
6.4
19.84
12.8
7.7
224.0
9.3
2.4
4.8
0.8
3.2
9.6
2.4
110.4
82.88
3.5
0.64
16.0
131.2
39.2
3.2
5.6
4
12.6
7.2
47.2
0.32
4.2
3.2
5.6
51.2
0.32
3.2
28.8
42.4
53.6
13.6
3.5
0.8
9.6
26.4
22.4
84.0
3.84
1.1
0.96
8.2
4.8
6.4
0.8
8.6
71.2
19.36
17.6
10.6
211.2
30.4
2.88
16.0
14.4
177.6
20.0
64.8
0.32
31.68
24.8
24.0
11.2
31.04
16.0
19.2
23.2
9.6
158.4
0.64
0.48
16.0
42.4
19.04
20.32
2.88
8.8
1.44
15
10.9
24.64
9.9
4
21.6
16.64
3.04
4.8
9.3
7.8
5.1
0.32
6.9
9.6
24.8
9.6
16.0
5.8
24.0
1.6
1.6
6.4
16.0
44.8
14.9
47.2
122.4
15.2
5
4.8
3.2
16.0
6.6
8.8
16.64
15.5
3.2
7.2
8.8
28.8
14.6
20.8
1.28
32.0
40.0
228.0
0.96
19.2
23.2
22.4
8.3
7.8
0.8
0.32
35.52
0.8
0.48
20.8
10.6
4
16.0
5.6
96.0
0.8
9.1
16.8
8
6.4
3.2
16.0
208.0
16.8
1.76
2.08
1.76
4.5
3.52
25.6
4
1.44
2.4
1.6
4.2
0.8
4.8
1.44
12
14.4
14.9
0.96
14.1
25.6
56.8
28.32
241.6
4.2
13
8.8
33.92
9
7.2
6.1
10.4
10.4
16.16
118.4
64.0
5
64.32
16.0
5.6
211.2
4.8
81.6
0.64
12
6.4
8.8
17.6
13.6
65.6
8.8
14.4
5
0.8
15.4
5.6
4.8
6.4
0.32
28.96
19.2
27.04
5.6
19.2
60.8
24.0
7.2
9.8
6.1
8
0.3
299.2
16.0
0.8
0.96
2.08
19.04
2.4
7
13.6
192.0
7.2
9.4
0.8
128.0
6.7
1.6
19.84
6.4
5
0.8
11.2
9.6
5.9
4
128.0
9.6
27.2
174.4
6.1
56.0
26.88
24.8
3.52
2.88
37.92
13.6
4.8
16.0
38.4
80.0
11.4
16.0
66.4
9.6
3.52
2.88
1.6
16.0
4.2
56.48
16.8
7.2
3.04
38.4
14.4
5.6
14.4
0.8
32.0
4
13.1
13.6
11.2
56.8
6.4
4
0.32
62.4
12.8
11.4
8.8
32.0
4.8
10.9
19.84
24.64
4
8
24.0
160.0
3.8
0.96
3.2
3.84
0.8
0.32
26.4
15.2
4.8
7
7
16.0
5.6
13.4
13.4
16.0
36.0
2.4
7.2
45.12
5.6
0.8
230.4
60.96
36.8
19.2
16.0
0.8
0.96
1.12
131.2
8.8
16.0
22.4
140.8
2.88
15.5
16.0
9.8
7.2
20.8
0.32
13.6
48.0
0.8
2.88
5
16.0
58.4
17.6
6.4
0.8
16.0
271.2
0.96
6.4
130.4
104.0
30.08
5.6
0.8
17.6
0.8
0.8
211.2
21.6
16.0
13
9.6
0.48
85.6
4
3.8
4.8
2.4
12.8
2.4
59.2
1.44
2.4
16.0
24.0
9.3
16.0
16.0
15.2
6.4
81.6
1.6
30.56
33.6
1.44
72.8
3.2
4
9.9
23.2
14.1
19.2
41.44
3.36
12.6
16.0
0.64
17.6
37.6
0.64
16.0
5.6
16.0
16.0
0.48
2.4
217.6
0.96
5.6
4.8
11.2
24.0
16.0
7.2
13.6
6.7
16.0
10.9
16.0
11.2
18.4
30.4
57.6
0.8
192.0
14.4
2.08
79.2
0.48
0.32
28.8
32.0
0.96
0.32
1.6
38.88
1.28
12
1.6
18.88
6.6
119.2
2.4
20.8
3.2
0.8
21.6
4
5.6
3.2
1.6
11.2
16.0
16.0
107.2
5.6
13.6
0.8
1.6
16.0
28.8
1.6
8.8
243.2
35.2
2.56
16.8
22.4
9.1
0.32
2.4
18.4
0.64
58.4
11.2
1.6
4.2
0.96
8.8
1.6
17.6
20.0
80.0
7.2
14.4
17.6
11.2
10.1
8.8
0.96
3.2
10.4
3.2
19.2
1.6
14.4
118.4
316.8
77.6
91.2
16.0
8.8
5
16.0
16.0
4.8
32.0
4.6
20.0
17.6
14.1
48.0
16.96
9.6
2.4
35.2
16.0
13.1
0.32
0.64
112.0
48.0
15.2
18.4
5.6
14.4
0.32
6.1
4.8
123.2
28.0
12
0.16
16.0
5.6
16.0
8.8
6.9
25.44
73.6
0.8
72.0
8.8
31.68
19.2
16.0
16.0
23.36
144.8
15
31.68
0.3
24.8
16.0
0.3
0.2
13.6
14.4
5
12.8
12.3
11.8
1.12
49.6
6.4
110.4
9.6
14.1
2.4
13.8
19.84
16.0
2.08
16.16
16.0
28.8
7.2
8.2
31.68
16.0
52.8
3.2
9.3
14.4
6.1
1.6
2.08
0.32
17.6
16.0
5.9
4.8
11.4
28.8
8.5
109.6
108.8
60.0
0.96
17.44
1.6
0.8
8.3
112.0
16.0
10.4
0.96
0.96
2.4
41.6
3.2
1.12
4
0.96
4.8
0.96
9.9
12
5
1.6
0.64
16.0
22.4
4.8
24.64
27.52
16.0
8
18.4
21.6
12
28.0
160.0
2.4
14.4
15.5
8
0.8
3.2
79.2
4.8
1.6
2.4
1.6
1.6
24.0
13.4
1.76
0.8
112.0
16.96
44.8
7.7
7.2
0.64
1.76
16.0
16.0
16.0
2.88
20.0
0.32
17.6
25.6
98.4
1.6
3.52
11.2
5.3
13
16.0
2.4
15.2
10.6
3.2
16.0
0.8
11
2.72
27.68
0.96
16.8
16.0
16.0
11.2
8.8
8.8
32.0
8
28.8
4.3
16.0
96.0
4.8
0.8
68.0
5.9
19.68
71.2
30.56
16.0
14.7
23.52
57.92
4.3
16.0
0.64
7
8
0.96
17.92
0.32
7
1.6
0.48
6.4
6.4
4.2
16.0
16.0
30.4
0.8
15.5
53.6
16.0
3.2
3.2
4.6
1.44
16.0
29.76
61.28
136.0
16.0
4.6
2.4
0.96
4
2.4
7.7
24.0
1.44
5.3
46.4
8.2
14.4
19.68
9.6
8.8
9.6
2.24
0.96
124.8
0.8
4.8
7.2
2.4
0.96
13.6
13.4
16.0
0.32
5.9
189.6
0.96
12
20.8
155.2
23.2
12
18.4
10.4
16.0
36.0
14.1
16.0
1.28
1.92
14.1
42.4
134.4
1.44
16.0
9.6
16.0
16.0
14.4
10.4
3.04
14.4
0.32
0.8
17.76
124.8
144.0
2.4
124.8
2.88
2.4
80.0
44.0
0.96
3.2
0.96
30.08
25.6
9.9
13.3
16.0
227.2
204.8
36.8
19.2
13.4
10.4
0.32
26.4
0.16
40.0
19.2
3.2
272.0
0.96
0.32
124.8
12.6
16.0
38.4
2.88
1.44
25.76
16.8
9.6
0.96
1.6
8.8
16.0
8.8
40.0
11.4
4
9.4
2.1
22.4
19.2
2.4
12.3
112.0
134.4
4.8
14.4
78.72
4.8
4.2
90.4
0.32
2.4
9.6
5.6
80.0
6.4
15.2
0.96
16.0
6.7
21.6
109.6
8
1.6
6.2
5.6
0.8
6.6
3.2
29.6
144.0
0.8
100.8
61.44
0.96
28.8
11
17.6
0.32
27.2
7.4
5.6
7.2
1.6
14.4
198.4
3.2
0.64
2.4
92.48
17.92
86.4
16.0
16.0
3.2
2.4
32.0
22.4
0.16
3.2
1.6
0.64
16.0
2.7
1.6
4
9.6
28.8
0.32
3.7
7.8
3.2
5
25.44
9.6
40.0
152.0
12.6
7.8
32.0
0.96
25.6
17.6
9.6
8
18.4
43.2
4.8
2.24
39.2
14.4
134.4
105.6
7
40.8
32.0
1.76
0.32
48.0
12
17.6
8.8
5.6
64.0
100.8
0.96
4
3.2
4.8
0.32
8.5
13.6
6.6
8
6.4
2.4
3.52
12
6.4
1.6
16.0
0.96
16.0
16.0
20.8
16.0
9.1
249.6
85.6
19.68
0.32
0.96
0.96
32.64
83.2
21.92
92.8
0.48
12
29.6
6.4
21.6
45.12
38.4
39.2
20.48
12
0.16
3.36
70.4
5.6
8.8
6.4
240.0
16.0
16.0
18.56
9.9
0.8
3.52
17.6
88.0
15.2
4.8
53.6
96.0
15.2
4.8
14.1
9.1
8
1.6
14.4
161.6
5.6
28.0
0.96
2.08
37.6
5.6
23.68
4
35.2
1.6
0.8
83.2
4.5
1.44
32.0
13.4
16.0
16.8
16.0
3.2
1.6
8
0.8
8.2
10.4
0.16
16.0
8.8
0.32
0.8
24.0
12.2
9.6
240.0
11.2
10.4
83.2
16.0
0.32
52.48
36.8
58.4
4
11.4
0.32
4
15.2
16.0
37.6
17.28
0.32
0.64
21.6
11.2
20.48
6.2
4
1.28
1.44
46.56
20.8
32.0
29.28
36.0
3.2
140.8
23.2
106.4
12
16.0
112.0
87.2
46.4
6.4
16.0
16.0
17.28
16.0
25.6
3.36
15.2
28.0
5.6
5.6
31.2
1.6
18.56
24.64
2.7
14.4
1.6
0.32
150.4
0.96
26.4
0.32
12
20.8
3.2
36.0
0.32
22.4
5
9.6
2.4
2.72
0.32
2.08
0.96
16.0
9.9
9.6
5
20.64
5.6
16.0
0.32
4.8
16.0
14.1
22.4
0.32
0.96
8
36.8
0.96
1.28
116.8
3.2
3.2
0.96
17.76
10.4
16.96
29.92
11.2
16.0
80.0
57.6
2.72
16.0
40.0
16.0
0.96
57.6
1.92
1.6
23.2
36.0
2.4
4.8
0.32
6.1
0.64
0.32
11.8
28.16
70.4
8
5.3
6.4
65.12
0.8
44.8
37.6
1.6
8
1.6
252.0
12.6
28.8
262.4
14.4
179.2
56.8
6.4
61.6
48.0
7.2
0.16
5.8
3.2
0.32
5.6
12
192.0
80.0
8.8
131.2
18.4
25.6
1.9
3.52
2.88
16.0
20.0
19.2
0.2
17.76
0.64
10.6
1.44
1.6
0.64
5.6
4.8
0.32
28.8
5.6
1.44
16.0
112.0
24.0
4.5
1.6
40.8
4
0.32
14.9
0.96
2.4
15.2
0.96
0.8
19.2
6.4
44.8
28.8
0.64
9.8
12
0.32
16.0
7.2
28.16
5.6
0.32
48.64
31.2
9.1
258.4
12.3
56.8
9.6
4.5
87.2
22.4
4.8
0.16
5.6
2.88
60.16
4.8
3.2
2.08
0.8
288.0
16.0
4.8
2.72
16.0
1.6
12
0.64
5.6
16.0
18.4
0.64
58.4
23.36
10.6
17.6
26.08
1.28
40.0
20.16
137.6
16.0
62.4
16.0
24.0
11.4
8
15.5
16.0
176.0
25.44
5.6
3.84
0.64
9.6
16.0
0.96
104.8
89.12
10.2
132.8
48.0
13.6
7.5
9.6
23.36
11.2
1.44
0.8
10.4
8.8
0.96
0.32
4.8
5
28.0
0.8
18.4
4.8
6.2
4.2
1.44
2.4
3.52
0.8
3.2
8.8
10.1
33.12
8.6
320.0
16.0
12
19.2
0.32
24.8
1.44
32.8
7.8
2.4
64.0
3.2
80.0
6.4
8
2.08
13.6
0.8
0.96
16.0
4.8
0.96
13.6
16.0
57.6
3.52
11.7
16.0
15.2
73.6
5.8
0.96
12.6
115.2
16.8
7.2
0.8
32.0
22.4
4.2
2.88
7.2
47.2
159.2
40.48
34.72
16.8
5.6
51.52
13.1
22.88
20.8
0.96
0.96
4.8
8
13.8
0.96
4
0.64
39.2
15.5
16.0
131.2
0.96
2.4
16.0
6.4
7.2
16.0
0.64
5.3
1.6
64.0
5.3
4
5.6
22.4
0.32
11.4
5.3
10.4
1.76
80.0
10.2
98.72
7.2
23.2
14.4
9.6
21.6
16.0
33.6
20.0
21.6
13.6
6.4
6.7
192.0
11.2
13.8
24.64
4.8
132.8
80.0
8
3.2
10.4
10.4
0.48
12.3
18.4
9
31.04
4
12
16.0
18.56
0.32
5.6
8.2
17.6
56.0
1.6
28.64
9.6
1.28
0.96
9.6
16.0
2.4
4
28.32
18.4
18.88
40.8
8.8
0.48
38.08
4.8
3.84
36.8
95.2
44.8
8.8
40.0
0.32
26.4
0.64
20.0
2.24
44.8
1.6
9.6
7.2
3.2
25.6
34.4
1.6
19.2
8
5.6
1.6
0.8
9.9
3.2
0.32
16.0
8.8
82.4
3.52
20.8
12.8
4
20.0
72.0
3.2
32.0
5.3
0.32
17.6
14.7
12.8
7.8
17.6
8.8
44.8
6.4
17.28
15.2
16.0
22.4
18.4
16.64
4.5
13.1
5
33.6
0.6
8.8
35.2
0.96
5.6
16.32
5
32.0
64.0
12
8.8
0.8
108.64
33.92
16.0
36.0
6.4
44.0
9.1
160.0
199.2
58.56
88.0
4
11.4
10.1
208.8
48.8
36.8
5.1
0.8
33.6
256.0
5.6
26.4
19.2
9.1
0.64
3.2
1.6
112.0
48.0
76.8
1.44
4
2.7
15.2
32.8
0.96
5.6
4
0.32
9.9
9.6
20.8
4.8
8.5
0.32
8.5
4
5.8
15.4
0.96
0.2
0.8
35.2
16.0
16.0
19.2
5
13.6
0.2
144.0
9.6
0.96
0.96
8.8
62.4
8.8
14.4
10.2
30.4
10.4
8.5
2.88
5.6
4.8
3.04
16.0
0.64
0.96
11.2
288.0
3.2
9.6
17.6
18.72
0.8
24.8
5.6
4
26.56
40.0
4
0.96
22.4
11
12.8
18.88
4.8
3.2
16.0
29.6
18.24
0.8
48.0
5.6
7
0.96
7.2
10.4
15.2
16.0
3.52
12
25.12
100.0
12.8
0.32
11.2
2.72
16.0
29.6
4
80.0
2.08
112.0
120.0
0.8
16.0
6.7
4.8
3.2
2.88
2.4
76.8
12.2
11.2
16.0
7.2
13.6
196.8
10.6
3.2
0.8
16.0
232.0
0.32
2.08
44.8
8.8
14.4
0.32
0.8
6.4
22.88
55.04
3.2
2.88
9.6
16.48
16.0
19.2
16.8
6.1
17.6
7
0.96
16.16
38.88
89.6
108.8
16.0
14.4
4
42.4
44.8
0.32
34.4
36.8
0.96
11.2
7.4
3.2
14.1
127.2
160.0
7.8
16.0
16.0
14.4
3.2
16.8
3.2
12.6
14.4
18.4
15.2
12.8
25.6
12.6
26.4
24.0
0.96
10.1
9.9
9.6
11.7
0.32
16.0
0.64
2.88
21.6
64.8
23.52
10.4
0.32
5.4
5.6
17.12
8.8
112.0
4.8
16.0
13.6
2.4
0.32
20.48
0.96
18.4
0.96
16.0
16.0
16.0
6.1
0.32
11.4
144.0
8.3
11.2
12.6
16.0
12.3
0.32
2.24
0.32
12.8
16.0
2.08
9.8
38.4
12
4.8
12.8
27.84
4.8
2.08
131.2
43.2
1.6
0.96
24.16
31.04
32.0
14.4
1.6
32.0
10.4
16.0
183.2
13.3
9.9
8
3.2
32.8
89.76
4
11.2
2.08
1.6
24.8
80.0
32.0
16.0
88.0
146.4
35.2
4.8
0.32
20.8
5.3
0.64
16.96
2.4
0.32
15.2
128.0
0.32
16.0
23.36
0.32
36.8
0.32
10.9
4
8
10.2
14.4
1.12
16.0
4
10.4
32.0
17.6
5.6
52.64
64.0
5.6
27.52
7.2
4
5.6
17.44
28.32
48.0
5
4.8
6.4
16.0
4
113.6
0.96
12.8
11.2
9.9
7.4
9.4
1.6
52.64
4
5
5.4
22.88
35.68
4.2
143.2
16.0
9.6
5.6
48.0
16.0
19.2
0.8
2.4
16.0
10.4
18.4
90.24
31.2
16.0
22.4
4.8
16.0
0.96
76.8
123.2
89.6
3.84
20.64
2.4
32.8
28.16
0.96
0.64
5
48.0
295.52
18.72
10.2
1.44
19.2
13.9
2.88
22.56
31.2
1.6
16.0
14.9
4
8.5
0.32
7.5
12
0.32
47.2
1.6
216.64
8
25.6
8.8
16.0
13.3
6.4
44.0
23.36
3.2
0.96
28.96
7.2
1.6
0.8
13.4
9.1
43.2
8.8
1.6
6.4
0.8
22.4
1.44
116.8
12
32.0
16.16
0.96
8
4
17.6
40.8
14.4
1.6
25.6
0.32
0.3
18.72
0.32
28.16
3.52
15.2
11.2
9.6
16.64
32.0
0.32
70.4
36.8
0.96
10.9
4
33.6
5.3
0.96
16.0
4
10.4
13.6
217.6
12
28.8
18.4
1.6
35.2
0.64
1.6
0.32
48.8
0.96
2.9
19.84
16.0
2.88
11.2
124.8
35.2
9.1
8.8
14.9
93.44
2.08
36.8
0.32
16.0
36.8
4.8
36.8
26.88
31.68
11.2
4.8
6.4
83.2
9.3
67.2
20.0
3.2
1.44
16.0
12
8.8
21.6
1.6
2.08
2.08
0.64
4.8
0.96
2.88
192.0
16.48
4
4.8
55.2
3.2
19.2
81.6
40.0
76.8
0.96
249.6
15.2
112.0
14.4
6.4
156.8
29.6
32.0
16.64
0.96
17.6
4.8
5.6
5.3
109.6
0.32
0.32
107.2
1.28
264.48
5.1
26.08
0.64
16.0
4.8
12.6
4
140.8
19.2
25.6
0.32
2.4
0.32
2.72
4
0.8
38.4
6.4
6.4
2.4
4.8
28.32
36.8
22.4
7.8
0.96
8
3.52
36.8
5.6
16.0
173.6
0.48
20.8
1.6
31.68
22.4
6.6
1.6
0.8
22.4
0.64
2.08
1.44
37.6
9.6
10.7
0.48
4.8
112.0
35.2
7.2
0.64
0.8
83.2
0.96
13.8
15.2
3.52
14.4
8.8
246.4
7.5
22.4
29.6
9.6
9.6
0.32
80.0
72.64
2.4
24.8
18.4
3.2
11.4
16.0
3.2
0.96
0.96
124.8
57.6
35.2
40.8
116.8
3.84
25.6
16.0
16.0
0.96
9.6
19.04
134.4
23.68
3.04
112.16
16.0
0.64
16.0
8.8
16.0
9.1
16.8
10.4
20.8
2.88
5.6
0.16
5.6
10.4
8
0.8
0.8
3.04
4.5
0.96
0.96
2.4
6.4
52.0
0.8
5.4
105.76
26.4
3.52
2.08
20.8
16.0
5
32.0
28.96
1.6
16.0
7.2
9.1
22.56
64.0
30.4
102.4
3.2
46.4
9.6
24.0
2.4
28.96
2.9
12.6
16.8
17.6
12
2.4
4.5
0.96
76.8
17.6
5.6
3.52
28.8
8.8
12
0.32
28.8
15.2
6.4
95.2
0.96
46.56
0.32
16.8
1.44
16.0
7.8
20.8
0.6
0.96
70.4
16.0
10.6
4
36.8
240.0
44.8
0.32
29.12
57.6
80.0
0.64
8
1.6
8
8
60.8
0.48
1.6
23.36
0.96
114.4
4
16.8
2.4
5.3
18.4
16.0
1.6
0.32
0.64
2.4
4.8
35.2
12.6
7
25.12
10.2
48.8
2.4
0.64
6.4
4.8
5.6
32.0
32.64
13.6
5.9
17.6
17.76
148.16
112.0
1.44
5
38.4
28.0
12
3.2
116.8
7.7
24.64
32.8
16.96
13.4
80.0
23.2
4.8
0.32
16.0
40.0
116.8
16.16
40.0
3.52
44.8
0.3
1.44
2.88
0.96
24.16
6.4
40.0
16.0
0.32
16.0
10.9
0.64
9.6
137.6
16.0
2.4
84.0
0.96
38.08
7.2
4
0.32
32.0
19.2
10.4
6.4
67.2
0.64
16.8
12
4.8
153.6
16.0
16.0
40.64
0.48
239.84
22.4
9.3
4.8
17.28
116.8
0.96
3.52
6.4
0.64
27.04
14.4
48.0
0.8
8.2
13.6
1.6
3.84
3.2
37.6
24.0
6.4
7
192.0
10.4
16.8
38.4
58.56
0.96
32.48
27.2
0.96
11.4
13.6
0.32
96.0
7.2
33.6
4.8
5
21.76
2.4
150.4
25.6
10.4
14.2
32.0
38.4
0.96
4
0.3
51.2
16.0
3.2
0.96
5.6
0.96
16.0
5.4
16.8
32.0
16.64
32.16
72.32
4.2
10.7
6.4
51.2
8.8
117.6
4.8
10.4
3.52
1.6
8.2
96.0
92.8
0.3
8.5
44.8
6.4
0.96
126.4
2.4
27.2
2.4
16.0
193.6
7.2
0.96
0.8
48.8
24.0
3.2
55.2
160.0
32.0
29.6
1.6
0.96
86.4
14.4
111.2
35.2
0.96
7
32.0
1.6
7.2
6.6
16.0
5.6
8.8
3.52
0.96
36.96
8.8
18.4
14.1
11.2
264.0
16.0
0.32
1.44
14.4
28.16
15
2.4
14.4
0.3
160.0
51.2
0.96
175.2
12.6
240.0
4.5
16.0
24.0
1.12
0.32
19.2
28.32
13
2.08
20.8
0.32
0.32
2.08
0.96
16.0
208.0
20.8
2.4
11.2
5.6
138.4
163.2
4.8
6.4
0.64
25.6
16.0
4.2
10.6
8.5
2.88
5.6
16.0
6.4
21.6
2.4
22.4
0.96
76.8
0.64
16.0
23.2
7.8
60.8
3.52
38.4
8.2
250.4
16.0
32.0
160.0
4.8
12.8
53.6
0.32
12.8
5.6
120.0
3.36
252.32
0.8
3.52
16.0
1.6
32.0
0.96
16.0
12.8
9.6
0.8
22.24
16.0
1.76
0.32
8.8
0.32
1.6
36.8
5.9
0.32
4
259.2
10.9
5.6
16.0
80.0
8.8
21.6
17.6
0.32
0.96
20.32
8.8
17.6
1.76
0.96
77.6
0.8
6.4
3.84
3.2
16.0
32.0
76.0
10.4
16.0
5.6
3.68
13.6
17.6
60.8
16.0
6.4
8
0.8
8.5
179.2
13.6
10.7
2.24
7.8
21.12
2.08
8.5
36.8
7.2
15.5
5.9
224.0
15.2
14.7
16.8
17.6
22.08
23.52
140.96
0.96
17.6
1.76
1.6
79.2
18.4
0.8
38.4
26.88
84.0
16.0
36.8
16.0
2.4
221.6
2.4
0.96
1.6
14.4
9.1
9.9
16.0
9.6
126.4
6.4
1.76
2.88
16.0
18.4
0.3
0.8
6.4
16.0
47.2
45.12
5.6
38.4
56.0
15.4
5.6
0.32
20.96
0.96
35.2
3.36
35.84
4
64.0
0.96
19.04
4
0.8
142.4
10.4
124.8
4
7.2
3.2
5.6
1.6
16.0
16.0
3.2
10.4
11.2
16.0
1.6
0.64
9.6
7
0.96
10.6
24.64
45.12
4.8
0.96
160.0
4.8
17.92
5
5.6
25.6
320.0
16.0
8.3
0.32
4
1.6
11.8
0.32
2.72
112.0
32.8
22.4
0.32
139.2
16.0
9.6
96.0
26.72
57.44
9.9
32.0
0.48
12.3
97.6
3.2
0.96
4.8
16.0
8
2.4
38.4
7.2
24.8
2.4
12.6
3.2
4.8
7.2
0.96
76.8
120.8
0.32
17.6
0.64
26.4
16.0
71.2
30.4
10.6
25.6
4
13.8
11.2
11.2
0.64
53.6
55.2
35.2
0.96
6.4
96.0
1.6
16.0
59.36
4.5
0.8
5
1.12
4.8
0.48
1.6
11.2
8.8
2.4
12
104.0
2.88
16.0
4.3
72.8
5.6
8.5
14.4
3.52
4.8
16.0
6.4
0.8
16.0
0.64
10.1
20.0
52.96
50.08
43.04
11.2
16.0
30.4
3.2
26.4
6.4
16.0
8
16.0
7.8
2.88
10.2
208.0
132.0
4.6
5.6
16.0
0.32
1.6
26.08
16.0
23.2
5.6
32.0
16.0
0.96
1.44
74.4
2.4
3.52
1.12
0.96
0.32
145.6
0.32
0.96
9.6
85.12
16.0
1.6
14.9
0.96
4
3.2
2.56
67.2
17.6
54.4
17.6
112.0
6.4
2.08
16.8
0.32
6.4
1.92
43.04
1.6
8
12.8
1.6
3.2
0.3
0.8
0.32
6.4
0.8
4
54.4
51.2
2.4
42.08
56.8
70.56
11.4
78.4
0.32
16.0
20.8
42.08
0.8
8.8
16.0
16.0
3.52
16.0
16.16
13
48.8
0.96
0.96
4.8
12.8
2.72
0.16
64.0
28.8
8.2
7.8
115.2
19.04
1.12
16.0
0.32
16.0
9.9
32.0
38.88
8.5
16.0
1.44
74.4
8.5
20.0
9.1
0.96
0.32
148.8
0.96
16.0
4.3
0.32
6.4
16.0
256.0
6.4
58.88
2.56
3.04
16.0
59.2
7.2
9.9
2.4
21.6
115.2
296.0
12.8
6.4
16.0
9.6
0.96
16.0
5.6
3.84
5.6
57.6
0.96
3.52
4.5
3.84
16.0
8.8
32.0
34.56
71.2
0.96
80.0
7.2
0.96
9.1
13.3
0.32
1.6
96.0
8.8
7.2
19.2
13.6
0.32
24.0
2.4
52.48
28.16
4
3.2
48.0
1.6
31.04
19.68
33.6
45.12
0.96
160.0
2.4
64.8
16.0
6.7
40.8
0.32
61.44
153.6
44.0
1.6
0.32
0.32
4.5
43.2
26.4
52.16
33.6
31.68
4.2
2.08
17.44
0.32
10.6
8
72.8
15.2
33.6
8
0.8
5.6
4
5.3
15.2
12
10.4
8.2
4.8
7
25.44
0.32
3.52
0.96
1.6
21.44
16.64
0.64
8
102.88
65.6
44.8
16.0
56.8
20.96
22.4
4.6
19.68
22.88
0.32
2.4
0.3
2.4
0.64
8.8
0.32
25.6
0.8
4
16.0
240.0
16.0
1.6
14.4
5.6
5.6
9.9
188.8
20.16
16.0
7.8
0.32
1.44
5.6
16.0
0.32
1.6
7.8
29.6
157.6
2.4
144.0
32.0
3.2
28.0
7.7
256.0
1.6
0.16
5.1
0.8
100.8
74.4
4.8
0.96
44.8
6.1
